http://ctan.altspu.ru/ ,,, 0,0,0,0,1,0,0,0,0,0,1,0,0,0,0,0,1,0,0,0,0,0,1,0 ,,, 06:00,12:00,18:00,00:00 ,,, true
https://ctan.crest.fr/tex-archive/ ,,, 1,1,1,1,1,1,1,1,1,1,1,1,1,1,1,1,1,1,1,1,1,1,1,1 ,,, 01:17,02:17,03:17,04:17,05:17,06:17,07:17,08:17,09:17,10:17,11:17,12:17,13:17,14:17,15:17,16:17,17:17,18:17,19:17,20:17,21:17,22:17,23:17,00:17 ,,, false
http://ctan.cs.uu.nl/ ,,, 0,0,0,0,0,1,0,0,0,0,0,0,0,0,0,0,0,1,0,0,0,0,0,0 ,,, 06:31,18:31 ,,, false
http://ctan.ijs.si/tex-archive/ ,,, 0,0,0,0,0,0,1,0,0,0,0,0,1,0,0,0,0,0,0,0,1,0,0,0 ,,, 07:20,13:20,21:20 ,,, false
https://ctan.kako-dev.de/ ,,, 1,1,1,1,1,1,1,1,1,1,1,1,1,1,1,1,1,1,1,1,1,1,1,1 ,,, 01:10,02:12,03:09,04:12,05:14,06:11,07:14,08:13,09:16,10:14,11:15,12:04,13:07,14:10,15:07,16:05,17:08,18:10,19:08,20:11,21:10,22:07,23:10,00:13 ,,, false
http://ctan.math.illinois.edu/ ,,, 1,0,0,0,0,0,0,1,0,0,0,0,0,0,0,0,1,0,0,1,0,0,0,0 ,,, 02:02,09:00,18:00,21:04 ,,, true
http://mirror.marwan.ma/ctan/ ,,, 1,0,0,0,0,0,0,0,0,0,0,0,0,0,0,0,0,0,0,0,0,0,0,0 ,,, 01:31 ,,, true
http://ctan.mirror.colo-serv.net/ ,,, 0,0,0,1,0,0,0,1,0,0,0,1,0,0,0,1,0,0,0,1,0,0,0,1 ,,, 05:04,09:00,13:00,17:02,21:04,01:05 ,,, true
http://mirror.yongbok.net/ctan/ ,,, 1,1,1,1,1,1,1,1,1,1,1,1,1,1,1,1,1,1,1,1,1,1,1,1 ,,, 02:02,03:04,04:01,05:04,06:01,07:04,08:02,09:05,10:04,11:04,12:02,13:01,14:03,15:01,16:03,17:01,18:05,19:03,20:01,21:04,22:02,23:05,00:02,01:05 ,,, false
http://ctan.mirrors.hoobly.com/ ,,, 0,0,0,0,0,1,0,0,0,0,0,1,0,0,0,0,0,1,0,0,0,0,0,1 ,,, 06:16,12:14,18:15,00:18 ,,, true
http://mirrors.cqu.edu.cn/CTAN/ ,,, 1,1,1,1,1,1,1,1,1,1,1,1,1,1,1,1,1,1,1,1,1,1,1,1 ,,, 01:20,02:10,03:30,04:27,05:51,06:58,07:46,08:50,09:21,10:27,11:04,12:12,13:07,14:24,15:07,16:08,17:13,18:10,19:08,20:11,21:10,22:18,23:15,00:28 ,,, false
http://mirror.koddos.net/CTAN/ ,,, 0,1,0,0,0,0,0,0,0,0,0,0,0,0,0,0,0,0,0,0,0,0,0,0 ,,, 03:35 ,,, true
http://ftp.math.purdue.edu/mirrors/ctan.org/ ,,, 0,1,0,0,0,0,0,1,0,0,0,0,0,0.5,0,0,0,0,0,1,0,0,0,0 ,,, 06:32,11:30,17:34,23:31 ,,, true
http://muug.ca/mirror/ctan/ ,,, 0,1,0,0,0,1,0,0,0,1,0,0,0,1,0,0,0,1,0,0,0,1,0,0 ,,, 02:33,06:10,10:48,14:09,18:15,22:24 ,,, true
http://ctan.math.washington.edu/tex-archive/ ,,, 0,1,0,0,0,1,0,0,0,1,0,0,0,1,0,0,0,1,0,0,0,1,0,0 ,,, 02:49,06:48,10:48,14:46,18:47,22:49 ,,, true
https://mirror.aarnet.edu.au/pub/CTAN/ ,,, 0,1,0,0,0,0,0,1,0,0,0,0,0,0.5,0,0,0,0,0,0.5,0,0,0,0 ,,, 02:43,08:45,14:41,20:43 ,,, true
http://ctan.mirror.garr.it/ctan/ ,,, 0,0,0.5,0.5,0,0,0.5,0.5,0,0,0,1,0,0,0.5,0.5,0,0,0.5,0.5,0,0,0,1 ,,, 04:03,04:07,08:02,08:07,12:04,16:03,16:10,20:01,20:08,00:08 ,,, true
http://packages.hs-regensburg.de/ctan/ ,,, 1,0,0,0,0,0,1,0,0,0,0,0,0,1,0,0,0,0,1,0,0,0,0,0 ,,, 02:02,08:02,15:01,20:01 ,,, false
http://ctan.space-pro.be/tex-archive/ ,,, 0,0,0,1,0,0,0,0,0,0,0,0,0,0,0,0,0,0,0,0,0,0,0,0 ,,, 04:17 ,,, false
http://ctan.tetaneutral.net/ ,,, 0,0,0,1,0,0,0,0,0,0.5,0,0,0,0,0,1,0,0,0,0,0,1,0,0 ,,, 04:17,10:16,16:15,22:18 ,,, true
http://ctan.mines-albi.fr/ ,,, 0,0,0,1,0,0,0,0,0,1,0,0,0,0,0,1,0,0,0,0,0,1,0,0 ,,, 04:48,10:48,16:47,22:49 ,,, false
http://mirror.szerverem.hu/ctan/ ,,, 0,0,0,0,0,1,0,0,0,0,0,0,0,0,0,0,0,0,0,0,0,0,0,0 ,,, 06:22 ,,, false
http://ctan.mirror.ftn.uns.ac.rs/ ,,, 0,0,0,1,0,0,0,1,0,0,0,1,0,0,0,1,0,0,0,1,0,0,0,1 ,,, 04:33,08:34,12:30,16:30,20:33,00:34 ,,, false
http://mirror.ibcp.fr/pub/CTAN/ ,,, 1,0,0,0,0,0,0,0,0,0,0,0,0,0,0,0,0,0,0,0,0,0,0,0 ,,, 01:51 ,,, false
http://mirrors.nxthost.com/ctan/ ,,, 0,0,0,0,0,0,1,0,0,0,0,0,0,0,1,0,0,0,0,0,0,0,1,0 ,,, 07:35,15:31,23:31 ,,, false
https://texlive.info/CTAN/ ,,, 0,0,1,0,0,0,0,0,0,0,0,0,0,0,0,0,0,0,0,0,0,0,0,0 ,,, 04:01 ,,, true
https://mirror.informatik.hs-fulda.de/tex-archive/ ,,, 0,1,0,0,0,0,0,0,0,0,0,0,0,0,0,0,0,0,0,0,0,0,0,0 ,,, 02:43 ,,, false
http://ctan.net/ ,,, 1,0,0,0,0,0,0,0,0,0,0,0,0,0,0,0,0,0,0,0,0,0,0,0 ,,, 01:51 ,,, true
https://mirrors.chevalier.io/CTAN/ ,,, 0.5,0,0,0,0,0,0,0,0,0,0,0,0,0,0,0,0,0,0,0,0,0,0,0.5 ,,, 02:00,00:18 ,,, false
https://mirrors.sjtug.sjtu.edu.cn/ctan/ ,,, 0.5,0,0.5,0,0.5,0,0,0.5,0,0.5,0,0,0,0.5,0,0.5,0,0,0,0,0.5,0.5,0,0.5 ,,, 01:30,03:46,05:22,08:30,10:09,14:57,16:30,21:20,22:55,00:30 ,,, true
http://ftp.acc.umu.se/mirror/CTAN/ ,,, 0,0,0,1,0,0,0,0,0,0,0,0,0,0,0,1,0,0,0,0,0,0,0,0 ,,, 04:33,16:25 ,,, false
http://ctan.triasinformatica.nl/ ,,, 0,0,0,1,0,0,0,0,0,0,0,0,0,0,0,0,0,0,0,0,0,0,0,0 ,,, 04:18 ,,, false